 2026-Sep-01 00:00     21 16 47.42 -05 15 06.5  0.00861424627663  -0.1114993
 2026-Sep-11 00:00     22 34 43.13 +04 55 40.3  0.00815692544100  -0.0364260
 2026-Sep-21 00:00     00 02 29.12 +14 00 16.8  0.00822031767630   0.0540441
 2026-Oct-01 00:00     01 31 23.69 +19 46 51.7  0.00868714422610   0.0977856
 2026-Oct-11 00:00     02 46 21.53 +21 24 58.9  0.00931196820709   0.1193034
 2026-Oct-21 00:00     03 42 39.22 +20 22 26.2  0.01003355122321   0.1237459
 2026-Oct-31 00:00     04 24 34.43 +18 16 05.6  0.01063640093819   0.0782876
 2026-Nov-10 00:00     04 51 47.09 +15 43 25.0  0.01098326206327   0.0502032
 2026-Nov-20 00:00     05 07 53.12 +13 29 33.9  0.01125118032926   0.0394466
 2026-Nov-30 00:00     05 18 29.34 +11 51 35.1  0.01136755190159   0.0001808
 2026-Dec-10 00:00     05 22 38.58 +10 59 32.4  0.01135188067902   0.0017595
 2026-Dec-20 00:00     05 25 36.26 +11 18 03.7  0.01138292540081   0.0015974
 2026-Dec-30 00:00     05 32 06.89 +12 34 29.0  0.01128843634927  -0.0312557
 2027-Jan-09 00:00     05 41 47.15 +14 49 16.4  0.01109759376579  -0.0336177
 2027-Jan-19 00:00     06 01 08.00 +17 54 39.0  0.01084037589712  -0.0646810
 2027-Jan-29 00:00     06 33 07.69 +21 18 36.9  0.01031081494713  -0.1107527
 2027-Feb-08 00:00     07 19 03.70 +24 36 44.2  0.00964761567712  -0.1158313
 2027-Feb-18 00:00     08 27 07.41 +26 21 07.8  0.00896787106399  -0.1213710
 2027-Feb-28 00:00     09 56 07.96 +24 26 06.0  0.00830416483312  -0.0950616
 2027-Mar-10 00:00     11 31 17.14 +17 31 41.1  0.00799621139417  -0.0054326
 2027-Mar-20 00:00     12 58 29.62 +06 34 32.5  0.00823561347052   0.0803345
 2027-Mar-30 00:00     14 10 52.57 -04 41 50.1  0.00881341282624   0.1142459
 2027-Apr-09 00:00     15 05 31.21 -13 50 17.5  0.00952735393004   0.1325995
 2027-Apr-19 00:00     15 46 57.79 -20 52 48.6  0.01030190580408   0.1254799
 2027-Apr-29 00:00     16 19 25.96 -26 09 40.7  0.01088347295700   0.0757630
 2027-May-09 00:00     16 40 32.32 -30 00 23.7  0.01124441138244   0.0573564
 2027-May-19 00:00     16 54 13.32 -32 42 53.9  0.01154305735855   0.0378564
 2027-May-29 00:00     17 03 17.34 -34 26 18.3  0.01164460033267   0.0021264
 2027-Jun-08 00:00     17 06 18.51 -35 07 08.9  0.01166795256574   0.0120523
 2027-Jun-18 00:00     17 10 33.54 -34 46 01.8  0.01171766902477  -0.0037973
 2027-Jun-28 00:00     17 17 57.20 -33 34 36.9  0.01160987994786  -0.0280719
 2027-Jul-08 00:00     17 28 47.42 -31 34 13.1  0.01146180192259  -0.0250538
 2027-Jul-18 00:00     17 49 26.00 -28 50 21.9  0.01120985953394  -0.0679924
 2027-Jul-28 00:00     18 18 21.91 -25 18 26.1  0.01069846567285  -0.1019892
 2027-Aug-07 00:00     18 56 14.98 -20 44 30.0  0.01009852782166  -0.1082142
 2027-Aug-17 00:00     19 48 27.24 -14 34 28.5  0.00939870734907  -0.1326067
 2027-Aug-27 00:00     20 53 22.88 -06 29 05.5  0.00865571498094  -0.1127093
 2027-Sep-06 00:00     22 10 38.54 +02 45 48.2  0.00821980353742  -0.0347903
