 2026-Sep-01 00:00     22 02 08.00 -24 18 24.8  0.00193097664415   1.4219378
 2026-Sep-02 00:00     22 14 21.51 -23 00 50.2  0.00266139279058   1.1372194
 2026-Sep-03 00:00     22 21 29.62 -22 12 48.4  0.00326576605934   0.9673244
 2026-Sep-04 00:00     22 26 24.84 -21 38 14.1  0.00378844423736   0.8487586
 2026-Sep-05 00:00     22 30 06.63 -21 11 10.3  0.00425157065776   0.7590658
 2026-Sep-06 00:00     22 33 02.47 -20 48 48.7  0.00466871322369   0.6879659
 2026-Sep-07 00:00     22 35 27.28 -20 29 31.4  0.00504871969839   0.6297546
 2026-Sep-08 00:00     22 37 30.23 -20 12 17.5  0.00539796342326   0.5809793
 2026-Sep-09 00:00     22 39 17.51 -19 56 25.9  0.00572119387792   0.5393436
 2026-Sep-10 00:00     22 40 53.51 -19 41 26.9  0.00602202845903   0.5032038
 2026-Sep-11 00:00     22 42 21.52 -19 26 58.9  0.00630327701181   0.4713428
 2026-Sep-12 00:00     22 43 44.03 -19 12 46.0  0.00656712996709   0.4428290
 2026-Sep-13 00:00     22 45 02.95 -18 58 36.4  0.00681530448399   0.4169457
 2026-Sep-14 00:00     22 46 19.76 -18 44 21.7  0.00704915394085   0.3931431
 2026-Sep-15 00:00     22 47 35.54 -18 29 55.8  0.00726976896146   0.3710086
 2026-Sep-16 00:00     22 48 51.10 -18 15 14.9  0.00747798510223   0.3502075
 2026-Sep-17 00:00     22 50 07.04 -18 00 16.4  0.00767451388828   0.3305006
 2026-Sep-18 00:00     22 51 23.77 -17 44 58.7  0.00785992934504   0.3116949
 2026-Sep-19 00:00     22 52 41.58 -17 29 21.0  0.00803470602507   0.2936369
 2026-Sep-20 00:00     22 54 00.66 -17 13 23.1  0.00819923865423   0.2762027
 2026-Sep-21 00:00     22 55 21.08 -16 57 05.3  0.00835385792475   0.2592941
 2026-Sep-22 00:00     22 56 42.89 -16 40 27.9  0.00849886667657   0.2428487
 2026-Sep-23 00:00     22 58 06.01 -16 23 32.4  0.00863447674932   0.2268088
 2026-Sep-24 00:00     22 59 30.37 -16 06 19.6  0.00876094079866   0.2111805
 2026-Sep-25 00:00     23 00 55.89 -15 48 50.2  0.00887852008005   0.1960629
 2026-Sep-26 00:00     23 02 22.41 -15 31 05.6  0.00898750235002   0.1814148
 2026-Sep-27 00:00     23 03 49.59 -15 13 08.3  0.00908819953811   0.1673905
 2026-Sep-28 00:00     23 05 17.17 -14 54 59.7  0.00918100265127   0.1540968
 2026-Sep-29 00:00     23 06 44.91 -14 36 41.0  0.00926636607305   0.1416368
 2026-Sep-30 00:00     23 08 12.64 -14 18 12.4  0.00934479203217   0.1300932
 2026-Oct-01 00:00     23 09 40.28 -13 59 33.5  0.00941683003247   0.1195227
 2026-Oct-02 00:00     23 11 07.82 -13 40 42.8  0.00948304894664   0.1099420
 2026-Oct-03 00:00     23 12 35.41 -13 21 38.0  0.00954401479140   0.1013243
 2026-Oct-04 00:00     23 14 03.30 -13 02 15.8  0.00960026571871   0.0936004
 2026-Oct-05 00:00     23 15 31.89 -12 42 32.4  0.00965228886622   0.0866639
 2026-Oct-06 00:00     23 17 01.64 -12 22 23.3  0.00970050102644   0.0803791
 2026-Oct-07 00:00     23 18 33.09 -12 01 44.0  0.00974523436308   0.0745904
 2026-Oct-08 00:00     23 20 06.83 -11 40 29.7  0.00978672803621   0.0691333
 2026-Oct-09 00:00     23 21 43.45 -11 18 36.2  0.00982512637384   0.0638458
 2026-Oct-10 00:00     23 23 23.54 -10 55 59.3  0.00986048377849   0.0585803
 2026-Oct-11 00:00     23 25 07.62 -10 32 35.6  0.00989277572444   0.0532125
 2026-Oct-12 00:00     23 26 56.18 -10 08 22.3  0.00992191418771   0.0476473
 2026-Oct-13 00:00     23 28 49.60 -09 43 17.2  0.00994776509679   0.0418201
 2026-Oct-14 00:00     23 30 48.23 -09 17 18.6  0.00997016526102   0.0356941
 2026-Oct-15 00:00     23 32 52.32 -08 50 25.5  0.00998893676823   0.0292540
 2026-Oct-16 00:00     23 35 02.06 -08 22 37.2  0.01000389778463   0.0225003
 2026-Oct-17 00:00     23 37 17.59 -07 53 53.5  0.01001486967765   0.0154429
 2026-Oct-18 00:00     23 39 39.01 -07 24 14.4  0.01002168116796   0.0080968
 2026-Oct-19 00:00     23 42 06.35 -06 53 40.2  0.01002417073601   0.0004807
 2026-Oct-20 00:00     23 44 39.65 -06 22 11.4  0.01002218882715  -0.0073823
 2026-Oct-21 00:00     23 47 18.86 -05 49 48.9  0.01001560159051  -0.0154599
 2026-Oct-22 00:00     23 50 03.91 -05 16 33.6  0.01000429789312  -0.0237043
 2026-Oct-23 00:00     23 52 54.72 -04 42 26.8  0.00998820087345  -0.0320434
 2026-Oct-24 00:00     23 55 51.12 -04 07 30.2  0.00996728392895  -0.0403746
 2026-Oct-25 00:00     23 58 52.92 -03 31 45.4  0.00994158883617  -0.0485642
 2026-Oct-26 00:00     00 01 59.93 -02 55 14.2  0.00991124176229  -0.0564558
